0.2786
0.8127
1.0681
1.4629
2.6471
3.9706
5.2941
5.6657
6.8731
8.3824
8.7075
9.4970
9.8917
11.0527
13.6998
14.0945
17.9258
18.3205
19.4583
22.1286
22.5234
28.7927
29.8609
31.3469
32.3918
32.7866
33.0420
33.4367
37.1287
38.7077
39.2417
40.2866
40.8207
45.1628
47.3919
47.7867
48.1814
48.9709
49.3656
51.9895
53.1273
53.5684
58.6768
59.2109
60.1629
60.5576
60.8131
61.3471
61.6025
61.7419
61.8812
62.1366
62.2759
62.3920
62.9261
64.2496
64.5050
64.7605
65.0159
65.8054
67.1289
68.4524
68.5917
68.9633
69.2187
70.0082
70.1707
70.2868
70.5654
70.8209
72.7946
73.1661
73.4447
74.2110
74.6057
75.0237
76.8580
77.2528
78.4138
81.0841
81.4556
82.6630
85.2869
85.6816
86.8426
89.4897
89.8844
92.3690
97.2220
98.7080
99.2421
100.1477
100.4263
100.5656
100.8210
101.8659
105.0239
105.5579
106.6028
108.1818
116.0766
118.1663
120.0472
123.2515
128.4528
131.6571
169.4824
169.6218
169.8772
170.1558
170.2719
177.6559
185.5507
193.4454
211.8821
212.2536
218.7088
237.6562
243.5309
243.9721